1       8
2       8
3       8
4       8
5       8
6       8
7       8
8       8
9       8
10      8
11      8
12      8
13      8
14      8
15      8
16      8
17      8
18      8
19      8
20      8
21      8
22      8
23      8
24      8
25      8
26      8
27      4
28      4
29      8
30      4
31      8
32      4
33      8
34      8
35      8
36      8
37      8
38      8
39      8
40      8
41      8
42      4
43      8
44      8
45      8
46      8
47      4
48      8
49      8
50      4
51      8
52      8
53      1
54      5
55      8
56      2
57      8
58      6
59      8
60      8
61      8
62      8
63      8
64      8
65      8
66      8
67      8
68      8
69      8
70      8
71      8
72      8
73      8
74      8
75      8
76      8
77      8
78      8
79      5
80      1
81      8
82      4
83      8
84      8
85      8
86      8
87      8
88      8
89      8
90      8
91      8
92      8
93      2
94      8
95      8
96      8
97      8
98      8
99      5
100     8
101     0
102     8
103     8
104     8
105     6
106     8
107     8
108     8
109     8
110     8
111     1
112     2
113     8
114     8
115     8
116     8
117     5
118     8
119     5
120     8
121     8
122     8
123     2
124     8
125     8
126     4
127     8
128     6
129     8
130     8
131     8
132     8
133     0
134     2
135     4
136     1
137     5
138     6
139     8
140     8
141     8
142     8
143     8
144     8
145     8
146     8
147     8
148     8
149     8
150     8
151     8
152     8
153     8
154     8
155     8
156     8
157     8
158     8
159     8
160     8
161     8
162     8
163     8
164     8
165     8
166     8
167     8
168     8
169     0
170     0
171     8
172     8
173     8
174     8
175     4
176     8
177     8
178     2
179     8
180     8
181     5
182     8
183     8
184     8
185     1
186     8
187     8
188     8
189     8
190     8
191     8
192     8
193     8
194     8
195     6
196     8
197     8
198     8
199     8
200     8
201     8
202     8
203     8
204     8
205     8
206     8
207     6
208     8
209     8
210     8
211     8
212     8
213     8
214     6
215     8
216     8
217     8
218     8
219     8
220     6
221     6
222     8
223     8
224     8
225     8
226     8
227     8
228     8
229     8
230     6
231     0
232     8
233     4
234     2
235     8
236     8
237     8
238     8
239     8
240     8
241     8
242     8
243     8
244     8
245     8
246     8
247     8
248     8
249     8
250     8
251     8
252     8
253     8
254     8
255     8
256     8
257     8
258     8
259     0
260     8
261     2
262     8
263     0
264     8
265     8
266     4
267     8
268     5
269     8
270     4
271     5
272     8
273     4
274     8
275     8
276     5
277     8
278     4
279     8
280     8
281     0
282     8
283     2
284     0
285     5
286     8
287     4
288     8
289     5
290     8
291     8
292     4
293     8
294     5
295     5
296     8
297     5
298     8
299     8
300     5
301     8
302     5
303     8
304     5
305     8
306     8
307     5
308     5
309     8
310     5
311     8
312     5
313     8
314     8
315     5
316     8
317     5
318     8
319     8
320     5
321     5
322     8
323     5
324     8
325     5
326     8
327     8
328     5
329     8
330     5
331     8
332     5
333     8
334     5
335     8
336     5
337     8
338     5
339     8
340     5
341     8
342     8
343     5
344     8
345     5
346     8
347     5
348     5
349     8
350     8
351     5
352     8
353     5
354     8
355     8
356     5
357     8
358     5
359     8
360     5
361     5
362     8
363     8
364     5
365     8
366     8
367     5
368     8
369     5
370     8
371     5
372     8
373     5
374     5
375     8
376     8
377     5
378     8
379     5
380     8
381     5
382     8
383     8
384     5
385     8
386     5
387     5
388     8
389     5
390     8
391     8
392     5
393     8
394     5
395     8
396     8
397     5
398     5
399     8
400     5
401     8
402     5
403     8
404     8
405     5
406     8
407     5
408     8
409     8
410     5
411     5
412     8
413     5
414     8
415     5
416     8
417     8
418     5
419     8
420     5
421     8
422     8
423     5
424     8
425     5
426     5
427     8
428     5
429     8
430     8
431     5
432     8
433     5
434     8
435     5
436     8
437     5
438     8
439     5
440     8
441     5
442     8
443     5
444     8
445     8
446     5
447     8
448     5
449     8
450     5
451     5
452     8
453     8
454     5
455     8
456     5
457     8
458     8
459     5
460     8
461     5
462     5
463     8
464     2
465     8
466     8
467     2
468     8
469     8
470     2
471     8
472     8
473     8
474     2
475     2
476     8
477     8
478     8
479     8
480     2
481     8
482     8
483     2
484     8
485     8
486     8
487     2
488     2
489     8
490     8
491     8
492     8
493     2
494     8
495     8
496     2
497     8
498     8
499     2
500     8
501     2
502     8
503     8
504     8
505     8
506     2
507     8
508     8
509     2
510     8
511     8
512     2
513     8
514     2
515     8
516     8
517     8
518     2
519     8
520     2
521     8
522     8
523     8
524     8
525     2
526     8
527     2
528     8
529     8
530     8
531     8
532     2
533     2
534     8
535     8
536     8
537     8
538     2
539     8
540     2
541     4
542     8
543     8
544     8
545     4
546     8
547     8
548     4
549     8
550     8
551     4
552     8
553     8
554     4
555     8
556     8
557     4
558     8
559     8
560     4
561     8
562     8
563     4
564     8
565     8
566     8
567     4
568     4
569     8
570     4
571     4
572     8
573     4
574     8
575     4
576     4
577     8
578     4
579     8
580     1
581     4
582     1
583     4
584     1
585     4
586     1
587     4
588     1
589     4
590     1
591     4
592     1
593     4
594     1
595     4
596     1
597     4
598     8
599     8
600     8
601     8
602     8
603     8
604     8
605     5
606     8
607     4
608     8
609     8
610     5
611     8
612     8
613     4
614     8
615     5
616     8
617     5
618     4
619     8
620     8
621     5
622     8
623     5
624     8
625     5
626     8
627     8
628     5
629     5
630     8
631     0
632     8
633     0
634     8
635     8
636     0
637     8
638     8
639     0
640     8
641     0
642     0
643     8
644     5
645     8
646     5
647     8
648     8
649     5
650     8
651     5
652     8
653     5
654     8
655     5
656     8
657     1
658     8
659     1
660     8
661     8
662     1
663     8
664     1
665     8
666     1
667     1
668     8
669     4
670     8
671     8
672     4
673     8
674     4
675     8
676     8
677     4
678     8
679     4
680     8
681     4
682     2
683     8
684     2
685     8
686     8
687     2
688     8
689     2
690     8
691     8
692     6
693     8
694     6
695     8
696     2
697     8
698     6
699     8
700     6
701     8
702     6
703     8
704     0
705     8
706     0
707     8
708     5
709     8
710     5
711     8
712     8
713     5
714     8
715     5
716     8
717     8
718     5
719     5
720     8
721     1
722     8
723     1
724     8
725     1
726     8
727     8
728     1
729     8
730     1
731     8
732     1
733     8
734     4
735     8
736     4
737     8
738     8
739     4
740     8
741     4
742     8
743     8
744     4
745     4
746     8
747     4
748     8
749     4
750     8
751     4
752     8
753     8
754     4
755     8
756     4
757     8
758     4
759     2
760     8
761     8
762     8
763     8
764     8
765     4
766     8
767     8
768     4
769     8
770     4
771     8
772     4
773     8
774     8
775     2
776     8
777     4
778     8
779     8
780     4
781     8
782     4
783     8
784     4
785     2
786     8
787     4
788     8
789     8
790     4
791     8
792     4
793     8
794     4
795     8
796     2
797     8
798     4
799     8
800     4
801     8
802     8
803     4
804     8
805     4
806     8
807     8
808     4
809     4
810     8
811     4
812     8
813     4
814     8
815     4
816     8
817     8
818     4
819     8
820     4
821     4
822     8
823     4
824     8
825     8
826     8
827     8
828     8
829     8
830     8
831     8
832     1
833     5
834     8
835     0
836     4
837     8
838     8
839     2
840     8
841     8
842     5
843     8
844     8
845     5
846     8
847     8
848     5
849     8
850     8
851     8
852     8
853     8
854     8
855     1
856     8
857     8
858     8
859     8
860     8
861     5
862     8
863     8
864     4
865     8
866     8
867     8
868     6
869     8
870     6
871     8
872     6
873     8
874     2
875     8
876     8
877     8
878     8
879     8
880     8
881     8
882     8
883     8
884     0
885     8
886     8
887     5
888     8
889     8
890     8
891     8
892     8
893     8
894     8
895     8
896     8
897     1
898     8
899     8
900     4
901     8
902     8
903     8
904     8
905     5
906     8
907     4
908     8
909     5
910     8
911     4
912     5
913     1
914     4
915     8
916     2
917     5
918     8
919     1
920     4
921     8
922     2
923     8
924     5
925     4
926     8
927     8
928     8
929     5
930     8
931     1
932     8
933     4
934     8
935     0
936     8
937     6
938     2
939     8
940     8
941     5
942     8
943     8
944     5
945     8
946     0
947     8
948     8
949     4
950     5
951     8
952     4
953     8
954     1
955     8
956     5
957     8
958     8
959     4
960     8
961     2
962     8
963     5
964     6
965     8
966     8
967     1
968     5
969     8
970     0
971     4
972     2
973     8
974     5
975     8
976     5
977     8
978     1
979     8
980     8
981     8
982     8
983     8
984     6
985     8
986     5
987     4
988     8
989     5
990     8
991     4
992     8
993     5
994     8
995     4
996     8
997     0
998     8
999     8
1000    5
1001    1
1002    8
1003    4
1004    8
1005    2
1006    8
1007    5
1008    8
1009    8
1010    1
1011    8
1012    8
1013    4
1014    0
1015    8
1016    5
1017    8
1018    2
1019    8
1020    4
1021    8
1022    8
1023    1
1024    8
1025    5
1026    8
1027    2
1028    4
1029    8
1030    8
1031    2
1032    8
1033    8
1034    5
1035    8
1036    2
1037    8
1038    8
1039    4
1040    2
1041    8
1042    4
1043    8
1044    2
1045    8
1046    8
1047    4
1048    8
1049    2
1050    8
1051    8
1052    4
1053    2
1054    8
1055    4
1056    8
1057    2
1058    8
1059    4
1060    8
1061    2
1062    8
1063    8
1064    4
1065    0
1066    8
1067    6
1068    8
1069    8
1070    1
1071    8
1072    8
1073    5
1074    8
1075    2
1076    8
1077    8
1078    4
1079    8
1080    1
1081    8
1082    8
1083    4
1084    8
1085    2
1086    8
1087    8
1088    4
1089    8
1090    2
1091    4
1092    8
1093    2
1094    8
1095    8
1096    8
1097    8
1098    4
1099    8
1100    8
1101    2
1102    8
1103    4
1104    2
1105    8
1106    4
1107    8
1108    2
1109    8
1110    8
1111    4
1112    8
1113    1
1114    8
1115    8
1116    5
1117    1
1118    8
1119    5
1120    8
1121    1
1122    8
1123    8
1124    4
1125    8
1126    8
1127    0
1128    6
1129    8
1130    2
1131    5
1132    8
1133    8
1134    1
1135    8
1136    8
1137    8
1138    8
1139    8
1140    8
1141    8
1142    8
1143    8
1144    8
1145    8
1146    8
1147    0
1148    8
1149    8
1150    1
1151    8
1152    8
1153    8
1154    2
1155    8
1156    8
1157    4
1158    8
1159    8
1160    8
1161    8
1162    8
1163    5
1164    8
1165    8
1166    8
1167    8
1168    8
1169    8
1170    6
1171    8
1172    8
1173    5
1174    8
1175    8
1176    2
1177    8
1178    4
1179    8
1180    8
1181    0
1182    5
1183    8
1184    8
1185    8
1186    8
1187    8
1188    8
1189    8
1190    8
1191    8
1192    1
1193    8
1194    8
1195    4
1196    8
1197    8
1198    8
1199    8
1200    8
1201    8
1202    8
1203    8
1204    8
1205    2
1206    8
1207    8
1208    5
1209    8
1210    8
1211    8
1212    8
1213    1
1214    4
1215    8
1216    0
1217    8
1218    6
1219    1
1220    8
1221    5
1222    2
1223    8
1224    4
1225    8
1226    1
1227    5
1228    8
1229    0
1230    8
1231    4
1232    2
1233    8
1234    5
1235    8
1236    1
1237    8
1238    8
1239    4
1240    8
1241    0
1242    8
1243    8
1244    6
1245    1
1246    5
1247    8
1248    8
1249    2
1250    8
1251    4
1252    8
1253    8
1254    1
1255    8
1256    8
1257    5
1258    2
1259    4
1260    8
1261    8
1262    0
1263    8
1264    5
1265    8
1266    8
1267    1
1268    8
1269    4
1270    8
1271    2
1272    5
1273    8
1274    1
1275    8
1276    8
1277    6
1278    0
1279    8
1280    8
1281    5
1282    8
1283    1
1284    8
1285    4
1286    8
1287    8
1288    2
1289    8
1290    8
1291    5
1292    8
1293    1
1294    8
1295    4
1296    8
1297    2
1298    5
1299    8
1300    8
1301    0
1302    8
1303    6
1304    8
1305    1
1306    8
1307    8
1308    5
1309    2
1310    8
1311    4
1312    8
1313    1
1314    8
1315    8
1316    5
1317    8
1318    0
1319    8
1320    6
1321    8
1322    1
1323    5
1324    8
1325    8
1326    2
1327    8
1328    8
1329    4
1330    8
1331    1
1332    8
1333    8
1334    5
1335    0
1336    8
1337    6
1338    8
1339    1
1340    8
1341    8
1342    5
1343    8
1344    2
1345    8
1346    4
1347    8
1348    1
1349    5
1350    8
1351    8
1352    0
1353    8
1354    6
1355    8
1356    1
1357    8
1358    8
1359    5
1360    8
1361    2
1362    8
1363    4
1364    8
1365    1
1366    8
1367    5
1368    8
1369    0
1370    8
1371    8
1372    6
1373    1
1374    8
1375    5
1376    8
1377    2
1378    8
1379    8
1380    4
1381    8
1382    1
1383    8
1384    8
1385    5
1386    0
1387    6
1388    8
1389    8
1390    1
1391    8
1392    5
1393    8
1394    8
1395    2
1396    8
1397    8
1398    4
1399    8
1400    1
1401    5
1402    8
1403    2
1404    8
1405    8
1406    4
1407    8
1408    1
1409    8
1410    5
1411    8
1412    2
1413    4
1414    8
1415    8
1416    1
1417    8
1418    5
1419    8
1420    8
1421    2
1422    8
1423    4
1424    8
1425    1
1426    5
1427    8
1428    8
1429    2
1430    8
1431    4
1432    8
1433    8
1434    1
1435    8
1436    5
1437    2
1438    8
1439    4
1440    8
1441    8
1442    8
1443    0
1444    8
1445    8
1446    8
1447    8
1448    8
1449    8
1450    8
1451    8
1452    8
1453    8
1454    8
1455    1
1456    8
1457    8
1458    5
1459    8
1460    8
1461    6
1462    8
1463    8
1464    6
1465    8
1466    8
1467    8
1468    8
1469    8
1470    8
1471    5
1472    8
1473    8
1474    8
1475    8
1476    8
1477    0
1478    8
1479    8
1480    4
1481    8
1482    8
1483    8
1484    1
1485    8
1486    1
1487    8
1488    1
1489    8
1490    1
1491    8
1492    8
1493    8
1494    8
1495    8
1496    8
1497    8
1498    8
1499    8
1500    1
1501    8
1502    8
1503    1
1504    8
1505    8
1506    8
1507    8
1508    8
1509    8
1510    8
1511    8
1512    8
1513    2
1514    8
1515    8
1516    2
1517    8
1518    8
1519    8
1520    8
1521    4
1522    0
1523    8
1524    5
1525    8
1526    1
1527    6
1528    8
1529    8
1530    8
1531    8
1532    8
1533    8
1534    8
1535    0
1536    8
1537    0
1538    8
1539    0
1540    0
1541    8
1542    4
1543    8
1544    1
1545    8
1546    5
1547    8
1548    8
1549    2
1550    8
1551    4
1552    8
1553    0
1554    6
1555    8
1556    8
1557    1
1558    8
1559    5
1560    8
1561    2
1562    8
1563    8
1564    4
1565    0
1566    8
1567    5
1568    8
1569    1
1570    8
1571    8
1572    6
1573    8
1574    2
1575    8
1576    8
1577    5
1578    1
1579    8
1580    4
1581    8
1582    8
1583    0
1584    8
1585    5
1586    8
1587    1
1588    8
1589    8
1590    4
1591    2
1592    8
1593    5
1594    8
1595    2
1596    8
1597    8
1598    4
1599    8
1600    2
1601    8
1602    8
1603    4
1604    8
1605    4
1606    4
1607    8
1608    8
1609    4
1610    8
1611    4
1612    8
1613    8
1614    4
1615    8
1616    4
1617    8
1618    4
1619    4
1620    8
1621    8
1622    4
1623    8
1624    4
1625    8
1626    8
1627    4
1628    8
1629    4
1630    8
1631    4
1632    4
1633    8
1634    4
1635    8
1636    8
1637    4
1638    8
1639    4
1640    8
1641    4
1642    8
1643    4
1644    8
1645    4
1646    8
1647    4
1648    8
1649    8
1650    4
1651    8
1652    4
1653    8
1654    4
1655    8
1656    4
1657    8
1658    4
1659    8
1660    4
1661    8
1662    4
1663    8
1664    8
1665    4
1666    8
1667    4
1668    8
1669    4
1670    8
1671    4
1672    8
1673    4
1674    8
1675    4
1676    8
1677    8
1678    4
1679    8
1680    4
1681    4
1682    8
1683    4
1684    8
1685    8
1686    4
1687    8
1688    4
1689    8
1690    4
1691    8
1692    8
1693    4
1694    4
1695    8
1696    4
1697    8
1698    4
1699    8
1700    8
1701    4
1702    8
1703    4
1704    8
1705    4
1706    8
1707    4
1708    8
1709    4
1710    8
1711    4
1712    8
1713    8
1714    4
1715    8
1716    4
1717    8
1718    4
1719    8
1720    4
1721    4
1722    8
1723    8
1724    4
1725    8
1726    4
1727    8
1728    8
1729    4
1730    8
1731    4
1732    8
1733    4
1734    4
1735    8
1736    8
1737    4
1738    8
1739    4
1740    8
1741    4
1742    8
1743    8
1744    4
1745    8
1746    4
1747    4
1748    8
1749    8
1750    4
1751    8
1752    8
1753    8
1754    8
1755    8
1756    8
1757    8
1758    8
1759    8

